task_name	task_code	task_file	instruction_dur	start_time	end_time
contract_relax_glutes	contract_relax_glu	contract_relax_glutes_06.tsv	600	0	630
